{
 "cells": [
  {
   "cell_type": "code",
   "execution_count": 6,
   "id": "e3031d82-21fa-4423-a998-92fb374ac941",
   "metadata": {},
   "outputs": [],
   "source": [
    "H = matrix(RR,[[-0.171527754943673,-0.886777920259044,-0.326362780186830],[0.0162571041668937,0.923172294747017,0.586214584852305]])\n",
    "Pol.<x,y,z> = PolynomialRing(RR)\n",
    "Ecuaciones = H*column_matrix(Pol,[x,y,z])\n",
    "b = vector(RR,[0.717434104560504,0.503600818995866,0.274834075678966])\n",
    "\n",
    "v1 = H.row(0)\n",
    "v2 = H.row(1)\n",
    "w1 = v1\n",
    "w3 = v1.cross_product(v2)\n",
    "w2 = w1.cross_product(w3)\n",
    "u1 = w1/norm(w1)\n",
    "u2 = w2/norm(w2)\n",
    "u3 = w3/norm(w3)\n",
    "pb = b-(b*u1)*u1-(b*u2)*u2\n",
    "c = b+3*u3\n",
    "a = 2*pi/6\n",
    "B = column_matrix([u1, u2, u3])\n",
    "GC = matrix(RR, [[cos(a), -sin(a), 0], [sin(a), cos(a), 0], [0, 0, 1]])\n",
    "G = B*GC*B^-1\n",
    "BP = [G^i*b for i in range(6)]\n",
    "pc = pb+3*u3\n",
    "C = [G^i*c for i in range(6)]"
   ]
  },
  {
   "cell_type": "code",
   "execution_count": 7,
   "id": "6d42b64e-573a-4ae8-9fb2-95924398ac3f",
   "metadata": {},
   "outputs": [
    {
     "data": {
      "text/html": [
       "<html>\\(\\displaystyle \\left(\\begin{array}{rrr}\n",
       "-0.171527754943673 & -0.886777920259044 & -0.326362780186830 \\\\\n",
       "0.0162571041668937 & 0.923172294747017 & 0.586214584852305\n",
       "\\end{array}\\right)\\)</html>"
      ],
      "text/latex": [
       "$\\displaystyle \\left(\\begin{array}{rrr}\n",
       "-0.171527754943673 & -0.886777920259044 & -0.326362780186830 \\\\\n",
       "0.0162571041668937 & 0.923172294747017 & 0.586214584852305\n",
       "\\end{array}\\right)$"
      ],
      "text/plain": [
       "[-0.171527754943673 -0.886777920259044 -0.326362780186830]\n",
       "[0.0162571041668937  0.923172294747017  0.586214584852305]"
      ]
     },
     "metadata": {},
     "output_type": "display_data"
    },
    {
     "data": {
      "text/html": [
       "<html>\\(\\displaystyle \\left(\\begin{array}{r}\n",
       "-0.171527754943673 x - 0.886777920259044 y - 0.326362780186830 z \\\\\n",
       "0.0162571041668937 x + 0.923172294747017 y + 0.586214584852305 z\n",
       "\\end{array}\\right)\\)</html>"
      ],
      "text/latex": [
       "$\\displaystyle \\left(\\begin{array}{r}\n",
       "-0.171527754943673 x - 0.886777920259044 y - 0.326362780186830 z \\\\\n",
       "0.0162571041668937 x + 0.923172294747017 y + 0.586214584852305 z\n",
       "\\end{array}\\right)$"
      ],
      "text/plain": [
       "[-0.171527754943673*x - 0.886777920259044*y - 0.326362780186830*z]\n",
       "[0.0162571041668937*x + 0.923172294747017*y + 0.586214584852305*z]"
      ]
     },
     "metadata": {},
     "output_type": "display_data"
    },
    {
     "data": {
      "text/html": [
       "<html>\\(\\displaystyle \\left(0.717434104560504,\\,0.503600818995866,\\,0.274834075678966\\right)\\)</html>"
      ],
      "text/latex": [
       "$\\displaystyle \\left(0.717434104560504,\\,0.503600818995866,\\,0.274834075678966\\right)$"
      ],
      "text/plain": [
       "(0.717434104560504, 0.503600818995866, 0.274834075678966)"
      ]
     },
     "metadata": {},
     "output_type": "display_data"
    },
    {
     "data": {
      "text/html": [
       "<html>\\(\\displaystyle \\left(-0.171527754943673,\\,-0.886777920259044,\\,-0.326362780186830\\right)\\)</html>"
      ],
      "text/latex": [
       "$\\displaystyle \\left(-0.171527754943673,\\,-0.886777920259044,\\,-0.326362780186830\\right)$"
      ],
      "text/plain": [
       "(-0.171527754943673, -0.886777920259044, -0.326362780186830)"
      ]
     },
     "metadata": {},
     "output_type": "display_data"
    },
    {
     "data": {
      "text/html": [
       "<html>\\(\\displaystyle \\left(0.0162571041668937,\\,0.923172294747017,\\,0.586214584852305\\right)\\)</html>"
      ],
      "text/latex": [
       "$\\displaystyle \\left(0.0162571041668937,\\,0.923172294747017,\\,0.586214584852305\\right)$"
      ],
      "text/plain": [
       "(0.0162571041668937, 0.923172294747017, 0.586214584852305)"
      ]
     },
     "metadata": {},
     "output_type": "display_data"
    },
    {
     "data": {
      "text/html": [
       "<html>\\(\\displaystyle \\left(-0.171527754943673,\\,-0.886777920259044,\\,-0.326362780186830\\right)\\)</html>"
      ],
      "text/latex": [
       "$\\displaystyle \\left(-0.171527754943673,\\,-0.886777920259044,\\,-0.326362780186830\\right)$"
      ],
      "text/plain": [
       "(-0.171527754943673, -0.886777920259044, -0.326362780186830)"
      ]
     },
     "metadata": {},
     "output_type": "display_data"
    },
    {
     "data": {
      "text/html": [
       "<html>\\(\\displaystyle \\left(0.158721676643780,\\,0.0466390449186467,\\,-0.210145434084632\\right)\\)</html>"
      ],
      "text/latex": [
       "$\\displaystyle \\left(0.158721676643780,\\,0.0466390449186467,\\,-0.210145434084632\\right)$"
      ],
      "text/plain": [
       "(0.158721676643780, 0.0466390449186467, -0.210145434084632)"
      ]
     },
     "metadata": {},
     "output_type": "display_data"
    },
    {
     "data": {
      "text/html": [
       "<html>\\(\\displaystyle \\left(-0.218553073675754,\\,0.0952463579412589,\\,-0.143933230121602\\right)\\)</html>"
      ],
      "text/latex": [
       "$\\displaystyle \\left(-0.218553073675754,\\,0.0952463579412589,\\,-0.143933230121602\\right)$"
      ],
      "text/plain": [
       "(-0.218553073675754, 0.0952463579412589, -0.143933230121602)"
      ]
     },
     "metadata": {},
     "output_type": "display_data"
    },
    {
     "data": {
      "text/html": [
       "<html>\\(\\displaystyle \\left(-0.178606005998416,\\,-0.923371629256504,\\,-0.339830441404951\\right)\\)</html>"
      ],
      "text/latex": [
       "$\\displaystyle \\left(-0.178606005998416,\\,-0.923371629256504,\\,-0.339830441404951\\right)$"
      ],
      "text/plain": [
       "(-0.178606005998416, -0.923371629256504, -0.339830441404951)"
      ]
     },
     "metadata": {},
     "output_type": "display_data"
    },
    {
     "data": {
      "text/html": [
       "<html>\\(\\displaystyle \\left(0.593465594607079,\\,0.174384930337337,\\,-0.785740723196213\\right)\\)</html>"
      ],
      "text/latex": [
       "$\\displaystyle \\left(0.593465594607079,\\,0.174384930337337,\\,-0.785740723196213\\right)$"
      ],
      "text/plain": [
       "(0.593465594607079, 0.174384930337337, -0.785740723196213)"
      ]
     },
     "metadata": {},
     "output_type": "display_data"
    },
    {
     "data": {
      "text/html": [
       "<html>\\(\\displaystyle \\left(-0.784791999601780,\\,0.342015687294358,\\,-0.516843097086155\\right)\\)</html>"
      ],
      "text/latex": [
       "$\\displaystyle \\left(-0.784791999601780,\\,0.342015687294358,\\,-0.516843097086155\\right)$"
      ],
      "text/plain": [
       "(-0.784791999601780, 0.342015687294358, -0.516843097086155)"
      ]
     },
     "metadata": {},
     "output_type": "display_data"
    },
    {
     "data": {
      "text/html": [
       "<html>\\(\\displaystyle \\left(0.418171127590502,\\,-0.182240753832983,\\,0.275396360826248\\right)\\)</html>"
      ],
      "text/latex": [
       "$\\displaystyle \\left(0.418171127590502,\\,-0.182240753832983,\\,0.275396360826248\\right)$"
      ],
      "text/plain": [
       "(0.418171127590502, -0.182240753832983, 0.275396360826248)"
      ]
     },
     "metadata": {},
     "output_type": "display_data"
    },
    {
     "data": {
      "text/html": [
       "<html>\\(\\displaystyle \\left(-1.63694189424483,\\,1.52964788087894,\\,-1.27569521557950\\right)\\)</html>"
      ],
      "text/latex": [
       "$\\displaystyle \\left(-1.63694189424483,\\,1.52964788087894,\\,-1.27569521557950\\right)$"
      ],
      "text/plain": [
       "(-1.63694189424483, 1.52964788087894, -1.27569521557950)"
      ]
     },
     "metadata": {},
     "output_type": "display_data"
    },
    {
     "data": {
      "text/html": [
       "<html>\\(\\displaystyle \\frac{1}{3} \\, \\pi\\)</html>"
      ],
      "text/latex": [
       "$\\displaystyle \\frac{1}{3} \\, \\pi$"
      ],
      "text/plain": [
       "1/3*pi"
      ]
     },
     "metadata": {},
     "output_type": "display_data"
    },
    {
     "data": {
      "text/html": [
       "<html>\\(\\displaystyle \\left(\\begin{array}{rrr}\n",
       "-0.178606005998416 & 0.593465594607079 & -0.784791999601780 \\\\\n",
       "-0.923371629256504 & 0.174384930337337 & 0.342015687294358 \\\\\n",
       "-0.339830441404951 & -0.785740723196213 & -0.516843097086155\n",
       "\\end{array}\\right)\\)</html>"
      ],
      "text/latex": [
       "$\\displaystyle \\left(\\begin{array}{rrr}\n",
       "-0.178606005998416 & 0.593465594607079 & -0.784791999601780 \\\\\n",
       "-0.923371629256504 & 0.174384930337337 & 0.342015687294358 \\\\\n",
       "-0.339830441404951 & -0.785740723196213 & -0.516843097086155\n",
       "\\end{array}\\right)$"
      ],
      "text/plain": [
       "[-0.178606005998416  0.593465594607079 -0.784791999601780]\n",
       "[-0.923371629256504  0.174384930337337  0.342015687294358]\n",
       "[-0.339830441404951 -0.785740723196213 -0.516843097086155]"
      ]
     },
     "metadata": {},
     "output_type": "display_data"
    },
    {
     "data": {
      "text/html": [
       "<html>\\(\\displaystyle \\left(\\begin{array}{rrr}\n",
       "0.500000000000000 & -0.866025403784439 & 0.000000000000000 \\\\\n",
       "0.866025403784439 & 0.500000000000000 & 0.000000000000000 \\\\\n",
       "0.000000000000000 & 0.000000000000000 & 1.00000000000000\n",
       "\\end{array}\\right)\\)</html>"
      ],
      "text/latex": [
       "$\\displaystyle \\left(\\begin{array}{rrr}\n",
       "0.500000000000000 & -0.866025403784439 & 0.000000000000000 \\\\\n",
       "0.866025403784439 & 0.500000000000000 & 0.000000000000000 \\\\\n",
       "0.000000000000000 & 0.000000000000000 & 1.00000000000000\n",
       "\\end{array}\\right)$"
      ],
      "text/plain": [
       "[ 0.500000000000000 -0.866025403784439  0.000000000000000]\n",
       "[ 0.866025403784439  0.500000000000000  0.000000000000000]\n",
       "[ 0.000000000000000  0.000000000000000   1.00000000000000]"
      ]
     },
     "metadata": {},
     "output_type": "display_data"
    },
    {
     "data": {
      "text/html": [
       "<html>\\(\\displaystyle \\left(\\begin{array}{rrr}\n",
       "0.807949241319480 & -0.581804839410695 & -0.0933871098683987 \\\\\n",
       "0.313393664283779 & 0.558487365177716 & -0.768034031878561 \\\\\n",
       "0.499001437511019 & 0.591265584805295 & 0.633563393502804\n",
       "\\end{array}\\right)\\)</html>"
      ],
      "text/latex": [
       "$\\displaystyle \\left(\\begin{array}{rrr}\n",
       "0.807949241319480 & -0.581804839410695 & -0.0933871098683987 \\\\\n",
       "0.313393664283779 & 0.558487365177716 & -0.768034031878561 \\\\\n",
       "0.499001437511019 & 0.591265584805295 & 0.633563393502804\n",
       "\\end{array}\\right)$"
      ],
      "text/plain": [
       "[  0.807949241319480  -0.581804839410695 -0.0933871098683987]\n",
       "[  0.313393664283779   0.558487365177716  -0.768034031878561]\n",
       "[  0.499001437511019   0.591265584805295   0.633563393502804]"
      ]
     },
     "metadata": {},
     "output_type": "display_data"
    },
    {
     "data": {
      "text/html": [
       "<html>\\(\\displaystyle \\left[\\left(0.717434104560504,\\,0.503600818995866,\\,0.274834075678966\\right), \\left(0.260986986832384,\\,0.295012074171375,\\,0.829887291884511\\right), \\left(-0.0382759901376179,\\,-0.390829498657473,\\,0.830449577031793\\right), \\left(0.118908150620500,\\,-0.868082326661832,\\,0.275958645973531\\right), \\left(0.575355268348620,\\,-0.659493581837341,\\,-0.279094570232014\\right), \\left(0.874618245318622,\\,0.0263479909915074,\\,-0.279656855379296\\right)\\right]\\)</html>"
      ],
      "text/latex": [
       "$\\displaystyle \\left[\\left(0.717434104560504,\\,0.503600818995866,\\,0.274834075678966\\right), \\left(0.260986986832384,\\,0.295012074171375,\\,0.829887291884511\\right), \\left(-0.0382759901376179,\\,-0.390829498657473,\\,0.830449577031793\\right), \\left(0.118908150620500,\\,-0.868082326661832,\\,0.275958645973531\\right), \\left(0.575355268348620,\\,-0.659493581837341,\\,-0.279094570232014\\right), \\left(0.874618245318622,\\,0.0263479909915074,\\,-0.279656855379296\\right)\\right]$"
      ],
      "text/plain": [
       "[(0.717434104560504, 0.503600818995866, 0.274834075678966),\n",
       " (0.260986986832384, 0.295012074171375, 0.829887291884511),\n",
       " (-0.0382759901376179, -0.390829498657473, 0.830449577031793),\n",
       " (0.118908150620500, -0.868082326661832, 0.275958645973531),\n",
       " (0.575355268348620, -0.659493581837341, -0.279094570232014),\n",
       " (0.874618245318622, 0.0263479909915074, -0.279656855379296)]"
      ]
     },
     "metadata": {},
     "output_type": "display_data"
    },
    {
     "data": {
      "text/html": [
       "<html>\\(\\displaystyle \\left(-1.93620487121484,\\,0.843806308050091,\\,-1.27513293043222\\right)\\)</html>"
      ],
      "text/latex": [
       "$\\displaystyle \\left(-1.93620487121484,\\,0.843806308050091,\\,-1.27513293043222\\right)$"
      ],
      "text/plain": [
       "(-1.93620487121484, 0.843806308050091, -1.27513293043222)"
      ]
     },
     "metadata": {},
     "output_type": "display_data"
    },
    {
     "data": {
      "text/html": [
       "<html>\\(\\displaystyle \\left[\\left(-1.63694189424483,\\,1.52964788087894,\\,-1.27569521557950\\right), \\left(-2.09338901197295,\\,1.32105913605445,\\,-0.720641999373954\\right), \\left(-2.39265198894296,\\,0.635217563225601,\\,-0.720079714226671\\right), \\left(-2.23546784818484,\\,0.157964735221243,\\,-1.27457064528493\\right), \\left(-1.77902073045672,\\,0.366553480045734,\\,-1.82962386149048\\right), \\left(-1.47975775348672,\\,1.05239505287458,\\,-1.83018614663776\\right)\\right]\\)</html>"
      ],
      "text/latex": [
       "$\\displaystyle \\left[\\left(-1.63694189424483,\\,1.52964788087894,\\,-1.27569521557950\\right), \\left(-2.09338901197295,\\,1.32105913605445,\\,-0.720641999373954\\right), \\left(-2.39265198894296,\\,0.635217563225601,\\,-0.720079714226671\\right), \\left(-2.23546784818484,\\,0.157964735221243,\\,-1.27457064528493\\right), \\left(-1.77902073045672,\\,0.366553480045734,\\,-1.82962386149048\\right), \\left(-1.47975775348672,\\,1.05239505287458,\\,-1.83018614663776\\right)\\right]$"
      ],
      "text/plain": [
       "[(-1.63694189424483, 1.52964788087894, -1.27569521557950),\n",
       " (-2.09338901197295, 1.32105913605445, -0.720641999373954),\n",
       " (-2.39265198894296, 0.635217563225601, -0.720079714226671),\n",
       " (-2.23546784818484, 0.157964735221243, -1.27457064528493),\n",
       " (-1.77902073045672, 0.366553480045734, -1.82962386149048),\n",
       " (-1.47975775348672, 1.05239505287458, -1.83018614663776)]"
      ]
     },
     "metadata": {},
     "output_type": "display_data"
    }
   ],
   "source": [
    "show(H)\n",
    "show(Ecuaciones)\n",
    "show(b)\n",
    "show(v1)\n",
    "show(v2)\n",
    "show(w1)\n",
    "show(w2)\n",
    "show(w3)\n",
    "show(u1)\n",
    "show(u2)\n",
    "show(u3)\n",
    "show(pb)\n",
    "show(c)\n",
    "show(a)\n",
    "show(B)\n",
    "show(GC)\n",
    "show(G)\n",
    "show(BP)\n",
    "show(pc)\n",
    "show(C)"
   ]
  },
  {
   "cell_type": "code",
   "execution_count": null,
   "id": "f2ba7638-d4c5-4c56-a483-07f975603d0c",
   "metadata": {},
   "outputs": [],
   "source": []
  }
 ],
 "metadata": {
  "kernelspec": {
   "display_name": "SageMath 10.5.beta6",
   "language": "sage",
   "name": "sagemath"
  },
  "language_info": {
   "codemirror_mode": {
    "name": "ipython",
    "version": 3
   },
   "file_extension": ".py",
   "mimetype": "text/x-python",
   "name": "python",
   "nbconvert_exporter": "python",
   "pygments_lexer": "ipython3",
   "version": "3.12.5"
  },
  "widgets": {
   "application/vnd.jupyter.widget-state+json": {
    "state": {},
    "version_major": 2,
    "version_minor": 0
   }
  }
 },
 "nbformat": 4,
 "nbformat_minor": 5
}
